-997300 324486
-815192 410813
-737567 426524
-1066506 350844
-754906 406083
-1018309 352219
-837264 422708
-825542 356008
-826381 384783
-843881 337488
-744234 393641
-819751 334708
-697800 443105
-977428 302669
-1190178 353733
-766125 392902
-687784 448011
-911545 304505
-851798 423211
-838889 435944
-941017 300858
-1224870 487597
-1222717 378716
-1085000 457833
-888853 303958
-759184 420986
-868025 335205
-1007834 468083
-889937 404841
-1162025 436136
-710603 423583
-864437 369902
-725584 428508
-732053 411669
-710189 420833
-788787 428863
-732125 444758
-1125339 460038
-711062 423750
-813787 407988
-1197664 391638
-916439 420083
-732023 407905
-882434 401163
-799312 327763
-816328 383497
-808434 352269
-853098 350455
-1048198 411400
-876500 418500
-844570 391619
-816956 414994
-1048209 388338
-923339 389516
-810350 340005
-849878 324608
-829989 399611
-715381 432080
-973962 278002
-968000 327833
-841917 397588
-810231 292105
-889548 398402
-1049842 397391
-936089 416005
-830459 423313
-1000167 377527
-906645 425005
-921064 467833
-788989 359938
-914984 448113
-742112 406638
-1064864 317586
-978781 363955
-800853 421291
-1230856 440522
-1241625 408022
-875559 379747
-711556 417013
-967895 468772
-1116506 351980
-836875 430125
-943984 353858
-851289 411305
-973206 327252
-1197714 367477
-860067 340141
-823250 296513
-1087420 355280
-947975 293011
-873464 415933
-1085500 390638
-856681 429633
-1113000 475002
-880198 445191
-797923 360725
-823942 348525
-890928 303672
-845614 393994
-768848 402736
-726856 417636
-1120353 465927
-953631 297630
-865862 347302
-861581 397683
-915300 416611
-844014 422458
-901848 322986
-816559 303319
-740781 407280
-763167 402783
-945131 370841
-855873 422916
-946273 391141
-945784 390997
-878212 425847
-817828 245552
-839209 359605
-868753 404166
-763059 400377
-845556 427325
-995073 275061
-1151364 361750
-711637 427069
-844778 379886
-841053 407425
-966667 408000
-922895 347463
-1182428 340522
-857595 382541
-713167 426333
-1018548 335777
-836325 328405
-894012 430730
-714553 429955
-943673 325447
-900489 351494
-728075 415380
-801939 257738
-879064 430388
-932637 449800
-1012959 482325
-880431 306941
-863000 323666
-725759 442600
-853864 401933
-867845 361658
-914031 315602
-741728 407355
-727800 416611
-729287 413080
-900750 299544
-740064 407141
-762856 368466
-1222698 378044
-1119731 412230
-975162 354675
-959375 412586
-813795 285380
-886000 370833
-1181437 341477
-741723 409166
-872170 304211
-895889 406936
-751642 399522
-1120734 334483
-1003506 443683
-799962 404405
-732459 424500
-1124448 428713
-939287 298986
-702559 436613
-1226750 455236
-707631 430716
-762987 368352
-714134 418238
-1116578 402338
-1046087 382544
-877828 427261
-786389 357719
-1032306 440805
-759273 403355
-1198128 395297
-774606 375536
-799417 372708
-924698 440216
-776159 431547
-890939 422711
-1214934 385816
-839509 434194
-941623 455608
-948464 397686
-901978 386272
-930931 449444
-826795 277705
-1230339 449427
-976112 388402
-1118903 407608
-984934 294238
-1172889 341083
-1171564 327152
-1224184 377750
-1218939 373394
-1196973 344208
-1220298 369741
-1059373 356869
-825309 273361
-811000 320833
-739400 428141
-1223309 476063
-877145 437508
-1069556 447972
-937500 325250
-964000 425000
-967000 435500
-862500 416833
-819323 349494
-1174250 476588
-896437 398016
-725903 421013
-932981 372152
-838089 399241
-735420 410533
-806342 403697
-1212898 379577
-921039 467208
-761478 430480
-1224431 472530
-842809 304380
-824587 279472
-874139 394666
-940475 334250
-835553 416638
-956778 390483
-747434 402169
-736923 427283
-1109259 322216
-959926 361538
-882073 401105
-752331 431008
-971464 315491
-1183420 460647
-770367 388949
-923428 424927
-800537 267150
-807212 400638
-737634 410338
-973373 376922
-758817 412458
-755470 397458
-779451 342255
-802445 360997
-718028 422625
-1205048 466022
-806498 410997
-1146237 327252
-820134 399402
